image_width: 640
image_height: 360
camera_name: narrow_stereo
camera_matrix:
  rows: 3
  cols: 3
  data: [696.267614, 0.000000, 320.820935, 0.000000, 697.217032, 199.819913, 0.000000, 0.000000, 1.000000]
distortion_model: plumb_bob
distortion_coefficients:
  rows: 1
  cols: 5
  data: [0.044480, -0.034584, 0.013590, 0.001331, 0.000000]
rectification_matrix:
  rows: 3
  cols: 3
  data: [1.000000, 0.000000, 0.000000, 0.000000, 1.000000, 0.000000, 0.000000, 0.000000, 1.000000]
projection_matrix:
  rows: 3
  cols: 4
  data: [706.800049, 0.000000, 321.418482, 0.000000, 0.000000, 703.643066, 203.312104, 0.000000, 0.000000, 0.000000, 1.000000, 0.000000]
