image_width: 640
image_height: 360
camera_name: narrow_stereo
camera_matrix:
  rows: 3
  cols: 3
  data: [714.245752, 0.000000, 313.543848, 0.000000, 714.856307, 191.079602, 0.000000, 0.000000, 1.000000]
distortion_model: plumb_bob
distortion_coefficients:
  rows: 1
  cols: 5
  data: [0.096762, -0.078601, 0.010903, 0.014139, 0.000000]
rectification_matrix:
  rows: 3
  cols: 3
  data: [1.000000, 0.000000, 0.000000, 0.000000, 1.000000, 0.000000, 0.000000, 0.000000, 1.000000]
projection_matrix:
  rows: 3
  cols: 4
  data: [731.288635, 0.000000, 319.833425, 0.000000, 0.000000, 736.760193, 193.856866, 0.000000, 0.000000, 0.000000, 1.000000, 0.000000]
