image_width: 640
image_height: 360
camera_name: narrow_stereo
camera_matrix:
  rows: 3
  cols: 3
  data: [680.434041, 0.000000, 288.707656, 0.000000, 680.154416, 174.341137, 0.000000, 0.000000, 1.000000]
distortion_model: plumb_bob
distortion_coefficients:
  rows: 1
  cols: 5
  data: [-0.017021, 0.100933, -0.000773, 0.000237, 0.000000]
rectification_matrix:
  rows: 3
  cols: 3
  data: [1.000000, 0.000000, 0.000000, 0.000000, 1.000000, 0.000000, 0.000000, 0.000000, 1.000000]
projection_matrix:
  rows: 3
  cols: 4
  data: [683.292419, 0.000000, 289.360575, 0.000000, 0.000000, 684.047668, 174.134942, 0.000000, 0.000000, 0.000000, 1.000000, 0.000000]
